   6.1747048e+00
  -1.9032741e+00
   3.0297007e+01
   2.2724581e+01
   2.1662203e+01
  -9.4233013e+00
  -1.5247779e+00
  -1.4644059e+00
   6.0318505e+00
   1.1029918e+01
  -3.8190327e+01
   2.1321084e+01
  -1.2988808e+01
  -4.5273426e+00
   3.4183403e+01
   5.9650931e+01
   1.1707995e+01
  -8.4074281e+00
  -2.5308859e+01
   2.8512337e+01
   2.5009471e+01
   1.5691502e+01
   2.7108726e+01
   2.2954309e+01
   3.6727481e+01
   4.2161151e+01
  -3.0242206e+00
   6.3112391e+01
   2.9584233e-02
  -2.6663443e+01
   2.2971785e+01
   5.4615664e+01
   1.9886519e+01
  -8.4774388e-01
  -5.5781143e+00
   8.4399730e+00
   2.9321741e+01
   2.7062797e+01
  -1.3450117e+01
  -2.8332161e+00
   5.4973147e+01
   4.7034424e+00
   2.1416705e+01
   5.1533029e+01
   1.5568037e+01
   3.3289366e+01
   3.3341723e+01
   1.0543377e+01
  -5.4739966e+00
   1.8901600e+01
   1.2492064e+00
   3.2492379e+00
  -8.6793993e+00
  -1.9725889e+01
   4.0438324e+01
   1.6560634e+01
  -1.7723013e+01
   1.2177863e+01
   2.8376034e+01
   2.9699314e+01
   5.6560598e+01
   3.0291760e+01
  -1.0514281e+01
   2.8163545e+01
  -8.2130759e+00
   3.6154108e+01
   4.0401827e+00
   3.2752910e+01
   2.6090216e+01
   2.9975457e+01
   6.5944663e+00
   3.8525818e+00
  -3.0013070e+01
   8.4474226e-01
   4.2498561e+00
   2.7489327e+00
   2.8004682e+01
   4.6813633e+01
  -1.7341988e+01
  -2.2484964e+01
   6.9854321e+01
  -1.5332059e+01
   5.9712678e+01
  -6.3318184e+00
  -1.6067520e+01
  -1.4114176e+01
   7.7127209e+01
   1.8830307e+01
   5.8849518e+00
  -2.5339804e+01
   2.2551653e+01
   1.4056454e+01
   1.4157118e+01
  -3.6249497e+01
   5.0950487e+01
   5.0010339e+01
  -1.7731149e+00
   1.2625789e+01
   2.1310841e+01
   2.8585102e+01
