   3.7107142e+00  -6.4628988e+00  -6.4575249e+00
  -4.1170273e+00   9.1476805e+00   6.5928677e+00
   6.1258608e-01  -4.6935593e+00   5.3384334e+00
   6.6484677e+00   8.4916179e+00   8.6895655e+00
   1.9498038e+00  -5.5245919e+00  -7.8422219e+00
  -3.2937734e+00  -2.5287238e+00  -6.3554499e+00
  -4.0154995e+00  -8.2499930e+00  -8.0180944e+00
  -9.4814917e-01   2.8023310e+00  -2.0472396e-01
  -1.5470869e+00  -6.3876622e+00  -6.1350934e+00
  -2.8078736e+00  -9.0989779e+00   7.9178315e+00
   1.1663840e+00   4.4634696e+00  -8.0182070e+00
   4.8509073e+00  -3.0512471e+00  -9.1166886e+00
  -1.5133043e+00   3.2123365e+00   1.1459031e+00
  -1.4128842e+00  -2.3226280e+00   5.4499013e+00
  -7.5025448e+00   2.5469300e+00  -3.7611989e+00
  -9.5113197e+00  -9.5670037e+00  -6.4203504e+00
  -4.1962947e+00   8.2113998e+00  -3.2208864e+00
  -3.6495883e+00   6.0111731e+00  -5.7970873e+00
   3.0738027e+00   4.9169497e+00   2.0305040e-01
   9.1387185e+00   6.2622563e+00   8.1272865e+00
   8.7146175e+00  -2.3338736e+00   2.5784788e+00
  -8.4227332e-01   2.3455846e+00  -7.9693222e+00
  -5.1904321e+00   1.5098972e+00  -2.1829049e+00
   5.2779589e+00   6.0103410e-01  -8.9076677e+00
   5.1865477e+00  -4.4986049e+00   2.5658264e-02
   4.8129613e+00  -5.0274208e+00  -1.3655766e+00
   4.8737668e+00  -9.6722459e-01   9.9512070e+00
  -7.8815917e+00  -5.4457435e+00   6.2320516e+00
   3.6312086e+00   6.0889917e+00  -2.8696660e-01
  -7.3478843e-01   9.7220848e+00   7.8889551e+00
  -5.7567359e+00  -9.4001610e+00  -7.2490681e+00
  -8.0296252e+00   7.1328381e-01  -2.1999017e+00
   6.4714895e+00  -8.2584556e+00   8.5471245e+00
  -6.4998053e+00   6.0418288e+00   8.3498766e+00
  -6.7286018e+00   9.7828982e+00   4.2714802e+00
   3.3197443e+00  -8.6610748e+00   2.3667477e+00
   7.8877875e+00   8.7879672e+00  -3.1342422e+00
   3.3116417e-01  -9.6364493e+00   8.7205465e+00
   4.0540461e+00   3.6767723e+00  -7.5045192e+00
  -6.9281925e+00   5.6747296e+00   4.6117072e+00
   9.0691414e+00   6.8275136e-01   2.9295486e+00
   8.1768162e-01   7.7071890e+00   6.6630397e+00
   3.5946780e+00   7.9800980e+00  -2.0343554e+00
  -9.2687396e+00   2.5187525e+00   4.9964442e+00
   6.1840770e+00  -7.2426202e+00   6.7044102e+00
   4.9723774e+00  -5.6439681e+00  -3.5507921e+00
  -7.5962596e+00  -6.3571785e+00   1.0452323e+00
   5.0090330e-01  -9.1636027e+00   9.5825826e+00
  -3.4833274e+00  -7.8611668e+00   9.8617066e-01
   9.2898880e-01   2.3288697e+00  -3.3915278e+00
  -2.0223850e+00   8.7932202e+00   2.3894311e+00
  -1.6981323e+00  -2.9108854e+00  -2.7872686e+00
  -6.3852448e+00  -1.7874182e+00   5.1301909e+00
  -4.8922652e+00   9.6869883e+00  -1.7219850e+00
  -9.5892845e+00   8.9115838e+00  -1.5309791e-01
   8.4735123e+00   3.5328936e+00   3.8948647e+00
   3.0739978e+00   9.7660452e+00   9.4546777e+00
   8.6522714e+00   5.3366277e+00  -3.4449008e+00
  -6.7297526e+00  -3.2660147e+00   6.7560637e+00
   8.4219451e+00   3.2476372e+00   4.7814445e+00
   5.8931577e+00  -5.1166943e+00   9.0834891e+00
   1.5478839e+00  -4.0898550e+00  -9.3615474e+00
  -1.1992881e+00   3.6035674e+00  -2.8626203e+00
  -4.8477253e+00   5.5693661e-01   3.2530767e+00
   5.0389279e+00  -1.7681297e+00  -4.3699688e+00
  -5.4266104e+00   2.0527644e+00  -5.3923387e+00
  -8.7162583e+00   5.0104011e+00   4.2225710e+00
   5.3465902e+00   1.6706635e+00   2.4914583e+00
   3.4240437e+00   1.0358503e+00   1.8121731e+00
   4.3042503e+00   1.6714124e+00   3.2087593e+00
   2.8412166e+00   2.3639840e-01  -9.0489065e+00
  -1.6190341e+00  -8.3481455e+00  -3.0243038e+00
  -2.1847584e+00   4.3914027e+00  -9.7318839e-01
   6.3228021e+00   9.9231222e+00  -5.1819001e+00
  -3.6514427e+00  -2.9093139e+00   4.3009003e+00
   6.2907955e+00   9.4251763e+00   7.1236458e+00
   5.7814703e+00  -3.0710248e+00  -4.3698461e+00
   7.0452778e+00   7.7308772e+00   4.6210166e+00
   1.1273235e-01  -9.0610270e-01  -7.2447421e+00
   2.7132278e+00  -1.7314542e+00   6.7344556e+00
   9.0178883e+00  -5.6453586e+00  -7.2279657e+00
  -1.1207169e+00  -7.4869083e+00   1.7641877e+00
  -8.7996236e+00  -3.8217081e+00  -2.6768640e+00
   7.3349979e+00   4.5220886e+00   6.1351909e+00
   2.6237747e+00   5.6574415e+00   7.5615716e-02
  -2.8985270e+00   3.8757523e+00  -2.0811323e-01
   9.9400654e+00  -9.8039550e+00   7.5409745e+00
  -5.5165700e+00   6.8642668e+00  -2.9371637e+00
   3.0490215e+00   8.4466400e+00  -1.0111289e+00
   2.0998128e+00   5.4190844e+00   9.2706057e+00
  -2.2550914e+00  -9.1468029e+00  -9.1540440e+00
  -7.1562568e+00  -2.4362773e+00   9.4591667e+00
  -9.4973003e+00   4.0867925e+00  -6.2158631e+00
  -1.5777549e+00   4.5902609e+00   3.3424060e+00
  -6.3179942e+00  -5.5144586e+00   1.7287923e+00
   4.5155053e+00  -4.6189054e+00   3.5022483e+00
  -2.5927463e+00   3.4606233e+00  -2.7795590e+00
   6.8312017e+00  -4.5015605e-01   2.4055685e+00
   4.6845938e+00   2.4743283e+00   6.2230177e+00
   1.4205175e+00  -5.2711013e+00  -9.6148505e+00
